-0.20 
-0.26 
-0.32 
-0.37 
-0.43 
-0.48 
-0.53 
-0.58 
-0.63 
-0.68 
-0.72 
-0.76 
-0.80 
-0.83 
-0.86 
-0.89 
-0.92 
-0.94 
-0.96 
-0.97 
-0.99 
-0.99 
-1.00 
-1.00 
-1.00 
-0.99 
-0.98 
-0.97 
-0.95 
-0.93 
-0.91 
-0.88 
-0.85 
-0.82 
-0.78 
-0.74 
-0.70 
-0.66 
-0.61 
-0.56 
-0.51 
-0.46 
-0.41 
-0.35 
-0.30 
-0.24 
-0.18 
-0.12 
-0.06 
0.00 
0.06 
0.12 
0.18 
0.24 
0.30 
0.35 
0.41 
0.46 
0.51 
0.56 
0.61 
0.66 
0.70 
0.74 
0.78 
0.82 
0.85 
0.88 
0.91 
0.93 
0.95 
0.97 
0.98 
0.99 
1.00 
1.00 
1.00 
0.99 
0.99 
0.97 
0.96 
0.94 
0.92 
0.89 
0.86 
0.83 
0.80 
0.76 
0.72 
0.68 
0.63 
0.58 
0.53 
0.48 
0.43 
0.37 
0.32 
0.26 
0.20 
0.14 
