-0.070560 
-0.085376 
-0.100115 
-0.114764 
-0.129310 
-0.143739 
-0.158039 
-0.172197 
-0.186200 
-0.200035 
-0.213690 
-0.227153 
-0.240411 
-0.253453 
-0.266267 
-0.278842 
-0.291165 
-0.303227 
-0.315015 
-0.326520 
-0.337732 
-0.348639 
-0.359232 
-0.369503 
-0.379440 
-0.389037 
-0.398283 
-0.407170 
-0.415692 
-0.423839 
-0.431605 
-0.438982 
-0.445964 
-0.452545 
-0.458719 
-0.464480 
-0.469823 
-0.474743 
-0.479236 
-0.483297 
-0.486924 
-0.490112 
-0.492860 
-0.495163 
-0.497022 
-0.498433 
-0.499395 
-0.499908 
-0.499971 
-0.499584 
-0.498747 
-0.497462 
-0.495729 
-0.493550 
-0.490927 
-0.487862 
-0.484358 
-0.480418 
-0.476045 
-0.471244 
-0.466020 
-0.460375 
-0.454317 
-0.447849 
-0.440979 
-0.433712 
-0.426054 
-0.418013 
-0.409596 
-0.400810 
-0.391663 
-0.382164 
-0.372322 
-0.362144 
-0.351640 
-0.340819 
-0.329692 
-0.318269 
-0.306558 
-0.294572 
-0.282321 
-0.269816 
-0.257068 
-0.244089 
-0.230890 
-0.217483 
-0.203880 
-0.190094 
-0.176137 
-0.162022 
-0.147760 
-0.133366 
-0.118851 
-0.104230 
-0.089515 
-0.074719 
-0.059856 
-0.044939 
-0.029982 
-0.014998 
0.000000 
0.014998 
0.029982 
0.044939 
0.059856 
0.074719 
0.089515 
0.104230 
0.118851 
0.133366 
0.147760 
0.162022 
0.176137 
0.190094 
0.203880 
0.217483 
0.230890 
0.244089 
0.257068 
0.269816 
0.282321 
0.294572 
0.306558 
0.318269 
0.329692 
0.340819 
0.351640 
0.362144 
0.372322 
0.382164 
0.391663 
0.400810 
0.409596 
0.418013 
0.426054 
0.433712 
0.440979 
0.447849 
0.454317 
0.460375 
0.466020 
0.471244 
0.476045 
0.480418 
0.484358 
0.487862 
0.490927 
0.493550 
0.495729 
0.497462 
0.498747 
0.499584 
0.499971 
0.499908 
0.499395 
0.498433 
0.497022 
0.495163 
0.492860 
0.490112 
0.486924 
0.483297 
0.479236 
0.474743 
0.469823 
0.464480 
0.458719 
0.452545 
0.445964 
0.438982 
0.431605 
0.423839 
0.415692 
0.407170 
0.398283 
0.389037 
0.379440 
0.369503 
0.359232 
0.348639 
0.337732 
0.326520 
0.315015 
0.303227 
0.291165 
0.278842 
0.266267 
0.253453 
0.240411 
0.227153 
0.213690 
0.200035 
0.186200 
0.172197 
0.158039 
0.143739 
0.129310 
0.114764 
0.100115 
0.085376 
0.070560 
