0.980 
0.910 
0.840 
0.770 
0.700 
0.630 
0.560 
0.490 
0.420 
0.350 
0.280 
0.210 
0.140 
0.080 
0.078 
0.076 
0.074 
0.072 
0.070 
0.068 
0.066 
0.064 
0.062 
0.060 
0.058 
0.056 
0.054 
0.052 
0.050 
0.048 
0.046 
0.044 
0.042 
0.040 
0.038 
0.036 
0.034 
0.032 
0.030 
0.028 
0.026 
0.024 
0.022 
0.020 
0.018 
0.016 
0.014 
0.012 
0.010 
0.008 
0.006 
0.004 
0.002 
0.000 
0.002 
0.004 
0.006 
0.008 
0.010 
0.012 
0.014 
0.016 
0.018 
0.020 
0.022 
0.024 
0.026 
0.028 
0.030 
0.032 
0.034 
0.036 
0.038 
0.040 
0.042 
0.044 
0.046 
0.048 
0.050 
0.052 
0.054 
0.056 
0.058 
0.060 
0.062 
0.064 
0.066 
0.068 
0.070 
0.072 
0.074 
0.076 
0.078 
0.080 
0.090 
0.160 
0.230 
0.300 
0.370 
0.440 
0.510 
0.580 
0.650 
0.720 
0.790 
0.860 
0.930 
1.000 
