0.980 
0.910 
0.840 
0.770 
0.700 
0.630 
0.560 
0.490 
0.420 
0.350 
0.280 
0.210 
0.140 
0.150 
0.146 
0.142 
0.138 
0.134 
0.130 
0.126 
0.122 
0.118 
0.114 
0.110 
0.106 
0.102 
0.098 
0.094 
0.090 
0.086 
0.082 
0.078 
0.074 
0.070 
0.066 
0.062 
0.058 
0.054 
0.050 
0.046 
0.042 
0.038 
0.034 
0.030 
0.026 
0.022 
0.018 
0.014 
0.010 
0.006 
0.002 
0.002 
0.006 
0.010 
0.014 
0.018 
0.022 
0.026 
0.030 
0.034 
0.038 
0.042 
0.046 
0.050 
0.054 
0.058 
0.062 
0.066 
0.070 
0.074 
0.078 
0.082 
0.086 
0.090 
0.094 
0.098 
0.102 
0.106 
0.110 
0.114 
0.118 
0.122 
0.126 
0.130 
0.134 
0.138 
0.142 
0.146 
0.150 
0.150 
0.220 
0.290 
0.360 
0.430 
0.500 
0.570 
0.640 
0.710 
0.780 
0.850 
0.920 
0.990 
