0.020 
0.090 
0.160 
0.230 
0.300 
0.370 
0.440 
0.510 
0.580 
0.650 
0.720 
0.790 
0.860 
0.920 
0.922 
0.924 
0.926 
0.928 
0.930 
0.932 
0.934 
0.936 
0.938 
0.940 
0.942 
0.944 
0.946 
0.948 
0.950 
0.952 
0.954 
0.956 
0.958 
0.960 
0.962 
0.964 
0.966 
0.968 
0.970 
0.972 
0.974 
0.976 
0.978 
0.980 
0.982 
0.984 
0.986 
0.988 
0.990 
0.992 
0.994 
0.996 
0.998 
1.000 
0.998 
0.996 
0.994 
0.992 
0.990 
0.988 
0.986 
0.984 
0.982 
0.980 
0.978 
0.976 
0.974 
0.972 
0.970 
0.968 
0.966 
0.964 
0.962 
0.960 
0.958 
0.956 
0.954 
0.952 
0.950 
0.948 
0.946 
0.944 
0.942 
0.940 
0.938 
0.936 
0.934 
0.932 
0.930 
0.928 
0.926 
0.924 
0.922 
0.920 
0.910 
0.840 
0.770 
0.700 
0.630 
0.560 
0.490 
0.420 
0.350 
0.280 
0.210 
0.140 
0.070 
0.000 
